### Introduction
Given a puzzle containing input-output grid pairs as reference examples, carefully observe the patterns to predict the output grid for new test input. Within a puzzle, each pair follows the same transformation rule. Grids are 2D numpy integer arrays with integers representing colors. 0 represents black and is often the background color.

### Your Puzzle Grids
Here are the input and output grids for the reference examples:
Example 1
Input:
[[0, 0, 0, 0, 0, 0, 0, 0, 0, 0, 0, 0, 0, 0],
 [0, 0, 0, 0, 0, 0, 0, 8, 8, 0, 8, 8, 0, 0],
 [0, 0, 0, 0, 0, 0, 0, 0, 8, 8, 8, 0, 0, 0],
 [0, 0, 0, 0, 0, 8, 8, 8, 8, 0, 0, 0, 0, 0],
 [0, 0, 0, 0, 8, 8, 0, 8, 0, 0, 8, 8, 0, 0],
 [0, 0, 0, 0, 0, 0, 0, 8, 8, 8, 8, 0, 0, 0],
 [0, 0, 0, 0, 0, 0, 0, 0, 8, 0, 8, 0, 0, 0],
 [0, 0, 0, 0, 0, 0, 8, 8, 8, 0, 8, 8, 8, 0],
 [0, 0, 0, 0, 0, 0, 8, 0, 0, 0, 0, 0, 8, 0],
 [0, 0, 1, 0, 0, 0, 0, 0, 0, 0, 0, 0, 0, 0],
 [0, 1, 1, 1, 0, 0, 0, 0, 0, 0, 0, 0, 0, 0],
 [0, 0, 1, 0, 0, 0, 0, 0, 0, 0, 0, 0, 0, 0],
 [0, 0, 0, 0, 0, 0, 0, 0, 0, 0, 0, 0, 0, 0],
 [0, 0, 0, 0, 0, 0, 0, 0, 0, 0, 0, 0, 0, 0]]
Output:
[[0, 0, 0, 0, 0, 0, 0, 0, 0, 0, 0, 0, 0, 0],
 [0, 0, 0, 0, 0, 0, 0, 2, 2, 0, 2, 2, 0, 0],
 [0, 0, 0, 0, 0, 0, 0, 0, 2, 2, 2, 0, 0, 0],
 [0, 0, 0, 0, 0, 2, 2, 2, 2, 0, 0, 0, 0, 0],
 [0, 0, 0, 0, 2, 2, 0, 2, 0, 0, 2, 2, 0, 0],
 [0, 0, 0, 0, 0, 0, 0, 2, 2, 2, 2, 0, 0, 0],
 [0, 0, 0, 0, 0, 0, 0, 0, 2, 0, 2, 0, 0, 0],
 [0, 0, 0, 0, 0, 0, 2, 2, 2, 0, 2, 2, 2, 0],
 [0, 0, 0, 0, 0, 0, 2, 0, 0, 0, 0, 0, 2, 0],
 [0, 0, 0, 0, 0, 0, 0, 0, 0, 0, 0, 0, 0, 0],
 [0, 0, 0, 0, 0, 0, 0, 0, 0, 0, 0, 0, 0, 0],
 [0, 0, 0, 0, 0, 0, 0, 0, 0, 0, 0, 0, 0, 0],
 [0, 0, 0, 0, 0, 0, 0, 0, 0, 0, 0, 0, 0, 0],
 [0, 0, 0, 0, 0, 0, 0, 0, 0, 0, 0, 0, 0, 0]]

Example 2
Input:
[[0, 0, 0, 0, 0, 0, 0, 0, 0, 0, 0, 0, 0, 0],
 [0, 0, 0, 0, 0, 0, 0, 0, 0, 0, 0, 0, 0, 0],
 [0, 0, 0, 0, 8, 8, 0, 8, 0, 8, 8, 0, 0, 0],
 [0, 0, 0, 0, 8, 0, 8, 0, 8, 0, 8, 0, 0, 0],
 [0, 0, 0, 0, 8, 8, 0, 8, 0, 8, 8, 0, 0, 0],
 [0, 0, 0, 0, 0, 0, 0, 0, 0, 0, 0, 0, 0, 0],
 [0, 0, 0, 0, 0, 0, 0, 0, 0, 0, 0, 0, 0, 0],
 [0, 0, 0, 0, 0, 0, 0, 0, 0, 0, 0, 0, 0, 0],
 [0, 0, 0, 0, 0, 0, 0, 0, 0, 0, 0, 0, 0, 0],
 [0, 0, 0, 0, 0, 0, 0, 0, 0, 0, 0, 0, 0, 0],
 [0, 0, 0, 1, 0, 1, 0, 0, 0, 0, 0, 0, 0, 0],
 [0, 0, 0, 0, 1, 0, 0, 0, 0, 0, 0, 0, 0, 0],
 [0, 0, 0, 1, 1, 1, 0, 0, 0, 0, 0, 0, 0, 0],
 [0, 0, 0, 0, 0, 0, 0, 0, 0, 0, 0, 0, 0, 0]]
Output:
[[0, 0, 0, 0, 0, 0, 0, 0, 0, 0, 0, 0, 0, 0],
 [0, 0, 0, 0, 0, 0, 0, 0, 0, 0, 0, 0, 0, 0],
 [0, 0, 0, 0, 3, 3, 0, 3, 0, 3, 3, 0, 0, 0],
 [0, 0, 0, 0, 3, 0, 3, 0, 3, 0, 3, 0, 0, 0],
 [0, 0, 0, 0, 3, 3, 0, 3, 0, 3, 3, 0, 0, 0],
 [0, 0, 0, 0, 0, 0, 0, 0, 0, 0, 0, 0, 0, 0],
 [0, 0, 0, 0, 0, 0, 0, 0, 0, 0, 0, 0, 0, 0],
 [0, 0, 0, 0, 0, 0, 0, 0, 0, 0, 0, 0, 0, 0],
 [0, 0, 0, 0, 0, 0, 0, 0, 0, 0, 0, 0, 0, 0],
 [0, 0, 0, 0, 0, 0, 0, 0, 0, 0, 0, 0, 0, 0],
 [0, 0, 0, 0, 0, 0, 0, 0, 0, 0, 0, 0, 0, 0],
 [0, 0, 0, 0, 0, 0, 0, 0, 0, 0, 0, 0, 0, 0],
 [0, 0, 0, 0, 0, 0, 0, 0, 0, 0, 0, 0, 0, 0],
 [0, 0, 0, 0, 0, 0, 0, 0, 0, 0, 0, 0, 0, 0]]

Example 3
Input:
[[0, 0, 0, 8, 0, 0, 0, 8, 0, 0, 0, 0, 0, 0],
 [0, 8, 0, 8, 0, 8, 0, 8, 0, 8, 0, 0, 0, 0],
 [0, 8, 8, 8, 8, 8, 8, 8, 8, 8, 0, 0, 0, 0],
 [0, 8, 0, 8, 0, 8, 0, 8, 0, 8, 0, 0, 0, 0],
 [0, 8, 0, 0, 0, 8, 0, 0, 0, 8, 0, 0, 0, 0],
 [0, 0, 0, 0, 0, 0, 0, 0, 0, 0, 0, 0, 0, 0],
 [0, 0, 0, 0, 0, 0, 0, 0, 0, 0, 0, 0, 0, 0],
 [0, 0, 0, 0, 0, 0, 0, 0, 0, 0, 0, 0, 0, 0],
 [0, 0, 0, 0, 0, 0, 0, 0, 0, 0, 0, 0, 0, 0],
 [0, 0, 0, 0, 0, 0, 0, 0, 1, 0, 0, 0, 0, 0],
 [0, 0, 0, 0, 0, 0, 0, 1, 1, 1, 0, 0, 0, 0],
 [0, 0, 0, 0, 0, 0, 0, 0, 1, 0, 0, 0, 0, 0],
 [0, 0, 0, 0, 0, 0, 0, 0, 0, 0, 0, 0, 0, 0],
 [0, 0, 0, 0, 0, 0, 0, 0, 0, 0, 0, 0, 0, 0]]
Output:
[[0, 0, 0, 2, 0, 0, 0, 2, 0, 0, 0, 0, 0, 0],
 [0, 2, 0, 2, 0, 2, 0, 2, 0, 2, 0, 0, 0, 0],
 [0, 2, 2, 2, 2, 2, 2, 2, 2, 2, 0, 0, 0, 0],
 [0, 2, 0, 2, 0, 2, 0, 2, 0, 2, 0, 0, 0, 0],
 [0, 2, 0, 0, 0, 2, 0, 0, 0, 2, 0, 0, 0, 0],
 [0, 0, 0, 0, 0, 0, 0, 0, 0, 0, 0, 0, 0, 0],
 [0, 0, 0, 0, 0, 0, 0, 0, 0, 0, 0, 0, 0, 0],
 [0, 0, 0, 0, 0, 0, 0, 0, 0, 0, 0, 0, 0, 0],
 [0, 0, 0, 0, 0, 0, 0, 0, 0, 0, 0, 0, 0, 0],
 [0, 0, 0, 0, 0, 0, 0, 0, 0, 0, 0, 0, 0, 0],
 [0, 0, 0, 0, 0, 0, 0, 0, 0, 0, 0, 0, 0, 0],
 [0, 0, 0, 0, 0, 0, 0, 0, 0, 0, 0, 0, 0, 0],
 [0, 0, 0, 0, 0, 0, 0, 0, 0, 0, 0, 0, 0, 0],
 [0, 0, 0, 0, 0, 0, 0, 0, 0, 0, 0, 0, 0, 0]]

Example 4
Input:
[[0, 0, 0, 0, 0, 0, 0, 8, 8, 0, 0, 0, 0, 0],
 [0, 0, 0, 0, 0, 0, 0, 0, 8, 8, 8, 0, 0, 0],
 [0, 0, 0, 0, 0, 0, 0, 0, 0, 0, 8, 0, 8, 0],
 [0, 0, 0, 0, 0, 8, 8, 8, 8, 0, 8, 8, 8, 0],
 [0, 0, 0, 0, 8, 8, 0, 0, 8, 8, 8, 0, 8, 8],
 [0, 0, 0, 0, 0, 0, 0, 8, 8, 0, 0, 0, 8, 0],
 [0, 0, 0, 0, 0, 0, 8, 8, 0, 0, 0, 8, 8, 0],
 [0, 0, 0, 0, 0, 0, 0, 0, 0, 8, 8, 8, 0, 0],
 [0, 0, 0, 0, 0, 0, 0, 0, 0, 0, 0, 0, 0, 0],
 [0, 0, 0, 0, 0, 0, 0, 0, 0, 0, 0, 0, 0, 0],
 [0, 0, 0, 0, 1, 1, 1, 0, 0, 0, 0, 0, 0, 0],
 [0, 0, 0, 0, 1, 0, 1, 0, 0, 0, 0, 0, 0, 0],
 [0, 0, 0, 0, 0, 1, 0, 0, 0, 0, 0, 0, 0, 0],
 [0, 0, 0, 0, 0, 0, 0, 0, 0, 0, 0, 0, 0, 0]]
Output:
[[0, 0, 0, 0, 0, 0, 0, 7, 7, 0, 0, 0, 0, 0],
 [0, 0, 0, 0, 0, 0, 0, 0, 7, 7, 7, 0, 0, 0],
 [0, 0, 0, 0, 0, 0, 0, 0, 0, 0, 7, 0, 7, 0],
 [0, 0, 0, 0, 0, 7, 7, 7, 7, 0, 7, 7, 7, 0],
 [0, 0, 0, 0, 7, 7, 0, 0, 7, 7, 7, 0, 7, 7],
 [0, 0, 0, 0, 0, 0, 0, 7, 7, 0, 0, 0, 7, 0],
 [0, 0, 0, 0, 0, 0, 7, 7, 0, 0, 0, 7, 7, 0],
 [0, 0, 0, 0, 0, 0, 0, 0, 0, 7, 7, 7, 0, 0],
 [0, 0, 0, 0, 0, 0, 0, 0, 0, 0, 0, 0, 0, 0],
 [0, 0, 0, 0, 0, 0, 0, 0, 0, 0, 0, 0, 0, 0],
 [0, 0, 0, 0, 0, 0, 0, 0, 0, 0, 0, 0, 0, 0],
 [0, 0, 0, 0, 0, 0, 0, 0, 0, 0, 0, 0, 0, 0],
 [0, 0, 0, 0, 0, 0, 0, 0, 0, 0, 0, 0, 0, 0],
 [0, 0, 0, 0, 0, 0, 0, 0, 0, 0, 0, 0, 0, 0]]

Example 5
Input:
[[0, 0, 0, 0, 0, 0, 0, 0, 0, 0, 0, 0, 0, 0],
 [0, 0, 0, 0, 0, 0, 0, 0, 8, 0, 0, 0, 0, 0],
 [0, 0, 0, 0, 0, 8, 8, 8, 0, 8, 8, 0, 0, 0],
 [0, 0, 0, 0, 0, 0, 8, 0, 8, 8, 0, 0, 0, 0],
 [0, 0, 0, 0, 0, 0, 0, 8, 0, 0, 8, 8, 0, 0],
 [0, 0, 0, 0, 0, 0, 0, 0, 8, 8, 0, 8, 0, 0],
 [0, 0, 0, 0, 0, 0, 0, 0, 0, 0, 8, 0, 0, 0],
 [0, 0, 0, 0, 0, 0, 0, 0, 0, 0, 0, 0, 0, 0],
 [0, 0, 1, 0, 1, 0, 0, 0, 0, 0, 0, 0, 0, 0],
 [0, 0, 0, 1, 0, 0, 0, 0, 0, 0, 0, 0, 0, 0],
 [0, 0, 1, 1, 1, 0, 0, 0, 0, 0, 0, 0, 0, 0],
 [0, 0, 0, 0, 0, 0, 0, 0, 0, 0, 0, 0, 0, 0],
 [0, 0, 0, 0, 0, 0, 0, 0, 0, 0, 0, 0, 0, 0],
 [0, 0, 0, 0, 0, 0, 0, 0, 0, 0, 0, 0, 0, 0]]
Output:
[[0, 0, 0, 0, 0, 0, 0, 0, 0, 0, 0, 0, 0, 0],
 [0, 0, 0, 0, 0, 0, 0, 0, 3, 0, 0, 0, 0, 0],
 [0, 0, 0, 0, 0, 3, 3, 3, 0, 3, 3, 0, 0, 0],
 [0, 0, 0, 0, 0, 0, 3, 0, 3, 3, 0, 0, 0, 0],
 [0, 0, 0, 0, 0, 0, 0, 3, 0, 0, 3, 3, 0, 0],
 [0, 0, 0, 0, 0, 0, 0, 0, 3, 3, 0, 3, 0, 0],
 [0, 0, 0, 0, 0, 0, 0, 0, 0, 0, 3, 0, 0, 0],
 [0, 0, 0, 0, 0, 0, 0, 0, 0, 0, 0, 0, 0, 0],
 [0, 0, 0, 0, 0, 0, 0, 0, 0, 0, 0, 0, 0, 0],
 [0, 0, 0, 0, 0, 0, 0, 0, 0, 0, 0, 0, 0, 0],
 [0, 0, 0, 0, 0, 0, 0, 0, 0, 0, 0, 0, 0, 0],
 [0, 0, 0, 0, 0, 0, 0, 0, 0, 0, 0, 0, 0, 0],
 [0, 0, 0, 0, 0, 0, 0, 0, 0, 0, 0, 0, 0, 0],
 [0, 0, 0, 0, 0, 0, 0, 0, 0, 0, 0, 0, 0, 0]]

Here is the input grid for the test example:
Input:
[[0, 0, 0, 0, 0, 0, 0, 0, 0, 0, 0, 0, 0, 0],
 [0, 0, 0, 0, 0, 8, 8, 8, 8, 8, 8, 8, 8, 8],
 [0, 0, 0, 0, 0, 8, 0, 0, 0, 8, 0, 8, 0, 8],
 [0, 0, 0, 0, 0, 8, 0, 8, 0, 8, 0, 0, 0, 8],
 [0, 0, 0, 0, 0, 8, 8, 8, 8, 8, 8, 8, 8, 8],
 [0, 0, 0, 0, 0, 0, 0, 0, 0, 0, 0, 0, 0, 0],
 [0, 0, 0, 0, 0, 0, 0, 0, 0, 0, 0, 0, 0, 0],
 [0, 0, 0, 0, 0, 0, 0, 0, 0, 0, 0, 0, 0, 0],
 [0, 0, 0, 0, 0, 0, 1, 1, 1, 0, 0, 0, 0, 0],
 [0, 0, 0, 0, 0, 0, 1, 0, 1, 0, 0, 0, 0, 0],
 [0, 0, 0, 0, 0, 0, 0, 1, 0, 0, 0, 0, 0, 0],
 [0, 0, 0, 0, 0, 0, 0, 0, 0, 0, 0, 0, 0, 0],
 [0, 0, 0, 0, 0, 0, 0, 0, 0, 0, 0, 0, 0, 0],
 [0, 0, 0, 0, 0, 0, 0, 0, 0, 0, 0, 0, 0, 0]]
### Instructions
Write a Python function `transform` that converts a given input grid to its corresponding output grid based on the pattern observed in the reference examples. 
- Your function should have signature: `def transform(input_grid: np.ndarray) -> np.ndarray:`
- The input and output grids are 2D numpy arrays of integers.
- Each grid cell is assigned a **color**, represented by an **integer**. These integers **do not have numerical meaning**; they **should not** be used in arithmetic operations. Think of these integers as **labels** rather than numbers.
- Write your final code response in a markdown python code block (be sure to have "```python" in the line before your code and "```" in the line after your code).
- No need to provide examples of the function call, just the function definition is sufficient.